Invoice Audit
Maniraj Pavar
26-July-2022

1	11373616	3
2	11349723	5
3	11340046	0	Skip
4	11340041	0	Skip
5	11372313	1	Skip Carrier rate
6	11352378	28
7	11412531	7
8	11380462	6
9	11375461	7
10	11405368	18
11	11379005	5
12	11370325	10
13	11384857	6
14	11402120	4
15	11393435	4
16	11377644	1
17	11362038	4
18	11362038	4	Skip
19	11362038	4	Skip
20	11362038	4	Skip
21	11376492	6
22	11406791	1
23	11363199	1
24	11382741	1
25	11378264	4
26	11356513	4
27	11370756	3
28	11378335	1
29	11382265	12
30	11393974	3
31	11298947	7
32	11379019	3
33	11379030	1
34	11375194	14
35	11357227	2
36	11409947	4
37	11414239	2
38	11403192	1
39	11371243	4
40	11399346	2
41	11327710	4
42	11371943	1
43	11355139	1
44	11410013	4
45	11379521	1
46	11378063	4
47	11371965	1
48	11372010	1
49	11348176	2
50	11393439	4
51	11389855	1
52	11321101	1
53	11404934	2
54	11410884	3
55	11402388	4
56	11378997	1
57	11385123	1
58	11398776	7
59	11387116	2
60	11394613	1
61	11398777	7
62	11394650	1
63	11394677	2
64	11394697	1
65	11394727	1
66	11394779	1
67	11394804	1
68	11398778	6
69	11394808	1
70	11394814	1
71	11292781	6
72	11292781	6	Skip
73	11292781	6	Skip
74	11292781	6	Skip
75	11395027	1
76	11395030	2
77	11395034	1
78	11398077	2
79	11395040	1
80	11395045	1
81	11395051	1
82	11292793	9
83	11292793	9	Skip
84	11292793	9	Skip
85	11292793	9	Skip
86	11387533	2
87	11217579	9
88	11217579	9	Skip
89	11217579	9	Skip
90	11217579	9	Skip
91	11217579	9	Skip
92	11336248	10
93	11336248	10	Skip
94	11336248	10	Skip
95	11336248	10	Skip
96	11340030	1
97	11409852	3
98	11409852	3	Skip
99	11395061	2
100	11395109	2
101	11395162	4
102	11419046	1
103	11367846	5
104	11208215	9
105	11208215	9	Skip
106	11208215	9	Skip
107	11208215	9	Skip
108	11208215	9	Skip
109	11375234	1
110	11353496	5
111	11231173	6
112	11231173	6	Skip
113	11231173	6	Skip
114	11231173	6	Skip
115	11363747	6
116	11363747	6	Skip
117	11363747	6	Skip
118	11363747	6	Skip
119	11369394	6
120	11369394	6	Skip
121	11369394	6	Skip
122	11369394	6	Skip
123	11387253	1
124	11360099	1
125	11360099	1	Skip
126	11290402	13
127	11290402	13	Skip
128	11290402	13	Skip
129	11290402	13	Skip
130	11290402	13	Skip
131	11290402	13	Skip
132	11290402	13	Skip
133	11381608	3
134	11381608	3	Skip
135	11381608	3	Skip
136	11381608	3	Skip
137	11162642	21
138	11162642	21	Skip
139	11380313	1
140	11373299	1
141	11367584	3
142	11372529	1
143	11372183	1
144	11284455	2
145	11212776	35
146	11201361	4
147	11269806	1
148	11339718	1
149	11283294	1
150	11367633	1
151	11339002	1
152	11389347	1
153	11346732	3
154	11367163	14
155	11391695	1
156	11397684	2
157	11374884	3
158	11370041	2
159	11378711	2
160	11400354	2
161	11392418	3
162	11418318	3
163	11332730	14
164	11379065	1
165	11395349	13
166	11358272	32
167	11358272	32	Skip
168	11403143	1
169	11386881	4
170	11412994	1
171	11345299	1
172	11399341	2
173	11353069	6
174	11409725	2
175	11387876	2
176	11321980	2
177	11345433	4
178	11395968	3
179	11396622	5
180	11370558	2
181	11193446	1
182	11398321	1
183	11401194	2
184	11400018	3
185	11280494	1
186	11367958	3
187	11410843	1
188	11410359	2
189	11353507	1
190	11402536	1
191	11382605	5
192	11309702	1
193	11387409	1
194	11284131	1
195	11417669	1
196	11384247	5
197	11384249	1
198	11362290	1
199	11353784	1
200	11369693	2
201	11230808	2
202	11372535	2
203	11378269	9
204	11378269	9	Skip
205	11416047	6
206	11352465	1
207	11378407	8
208	11378407	8	Skip
209	11305596	4
210	11345533	2
211	11210840	3
212	11286071	3
213	11393088	1
214	11225972	4
215	11357690	2
216	11345268	3
217	11345268	3	Skip
218	11345268	3	Skip
219	11345268	3	Skip
220	11345268	3	Skip
221	11329018	2
222	11393089	1
223	11406110	1
224	11375532	1
225	11293192	1
226	11353141	1
227	11304609	2
228	11346398	2
229	11350205	2
230	11395445	3
231	11393293	1
232	11321319	4
233	11384102	1
234	11326000	1
235	11280268	1
236	11386984	2
237	11280272	2
238	11386989	2
239	11407172	1
240	11370008	2
241	11372358	2
242	11396559	1
243	11372360	5
244	11372703	2
245	11388639	2
246	11396990	3
247	11372835	2
248	11356395	1
249	11376365	3
250	11369392	3
251	11369392	3	Skip
252	11369392	3	Skip
253	11369392	3	Skip
254	11397020	1
255	11379935	5
256	11393943	4
257	11388045	1
258	11381043	2
259	11337837	1
260	11381694	1
261	11366965	7
262	11341079	1
263	11416392	1
264	11349740	1
265	11340607	19
266	11349932	3
267	11392112	1
268	11361949	1
269	11403757	1
270	11401808	1
271	11408006	2
272	11367751	3
273	11412462	4
274	11368237	3
275	11379989	2
276	11364379	2
277	11410320	2
278	11371054	4
279	11371359	3
280	11389201	3
281	11372821	2
282	11372824	2
283	11412206	2
284	11378301	3
285	11199395	3
286	11308690	3
287	11401682	1
288	11332765	18
289	11352542	3
290	11396366	1
291	11362379	2
292	11358655	3
293	11409231	2
294	11413693	1
295	11341993	7
296	11396005	5
297	11395037	1
298	11358666	3
299	11297695	2
300	11315722	6
301	11346605	8
302	11358873	2
303	11374861	2
304	11409946	2
305	11369682	1
306	11215677	2
307	11402566	2
308	11218181	14
309	11218181	14	Skip
310	11407409	10
311	11369742	2
312	11371312	2
313	11416344	2
314	11405027	1
315	11378347	9
316	11372819	2
317	11374934	2
318	11399108	4
319	11358577	1
320	11358577	1	Skip
321	11366454	7
322	11354189	1
323	11336151	2
324	11379605	1
325	11342950	1
326	11380789	1
327	11416693	3
328	11415350	1
329	11382189	1
330	11400953	1
331	11383162	1
332	11383162	1	Skip
333	11405572	1
334	11405493	1
335	11311723	2
336	11387197	2
337	11330826	1
338	11399298	1
339	11400420	1
340	11400441	2
341	11385702	3
342	11380390	10
343	11290863	3
344	11352320	1
345	11355315	6
346	11271227	3
347	11322561	3
348	11370067	1
349	11398781	5
350	11398450	2
351	11334518	2
352	11359534	4
353	11392190	4
354	11397063	13
355	11389357	2
356	11266874	1
357	11389358	5
358	11393250	1
359	11393899	2
360	11381997	3
361	11358860	1
362	11363455	2
363	11383520	3
364	11384353	4
365	11378115	3
366	11378762	1
367	11323802	2
368	11336152	3
369	11377513	12
370	11341345	5
371	11377661	2
372	11300611	2
373	11377664	4
374	11348948	8
375	11377674	1
376	11378086	3
377	11362069	5
378	11378092	3
379	11386310	3
380	11358857	2
381	11393947	3
382	11366493	2
383	11403910	2
384	11361165	1
385	11381627	1
386	11408131	2
387	11404344	1
388	11358510	2
389	11403422	5
390	11403433	6
391	11387555	1
392	11400756	1
393	11400733	2
394	11369685	2
395	11340002	2
396	11406775	4
397	11341988	3
398	11416039	1
399	11405729	2
400	11408764	1
401	11386739	1