Invoice Audit
Vishal Bagul
26-July-2022

1	11412649	1
2	11412650	2	
3	11347802	1	
4	11389458	1	
5	11306245	1	
6	11395168	2	
7	11406466	1	
8	11328248	4
9	11412334	7	
10	11341355	2		
11	11407579	2	
12	11342440	1	
13	11406858	2	
14	11367173	2	
15	11413241	1	
16	11342444	1	
17	11349283	3	
18	11402772	11	
19	11412989	2	
20	11406829	8
21	11362460	2	
22	11382864	1	
23	11371963	8
24	11376502	3	
25	11346167	5	
26	11382669	1	
27	11375066	2	
28	11347050	5	
29	11347050	5	SKIP
30	11347050	5	SKIP
31	11347050	5	SKIP
32	11394316	3	
33	11323213	1	
34	11359585	5	
35	11321666	2	
36	11351765	1	
37	11397300	3	
38	11338360	2	
39	11308429	1	
40	11377953	2	
41	11298164	1	
42	11321667	14	
43	11222010	3	
44	11375527	2	
45	11344241	1	
46	11369474	7	
47	11369474	7	SKIP
48	11369474	7	SKIP
49	11369474	7	SKIP
50	11245625	2	
51	11351325	30
52	11363849	2	
53	11376066	9	
54	11376066	9	SKIP
55	11376066	9	SKIP
56	11376066	9	SKIP
57	11340281	2
58	11355227	3	
59	11412872	1	
60	11379597	1
61	11340595	3	
62	11391669	3	
63	11345403	1	
64	11363831	2	
65	11348989	2	
66	11367280	2	
67	11371057	4	
68	11371057	4	SKIP
69	11371057	4	SKIP
70	11371057	4	SKIP
71	11330579	26	
72	11358646	18
73	11327823	4	
74	11379002	1	
75	11338210	26	
76	11361977	1	
77	11375680	54	
78	11351332	20
79	11391790	4	
80	11351388	30
81	11364013	1	
82	11364647	34	
83	11389693	3	
84	11389693	3	SKIP
85	11389693	3	SKIP
86	11193252	1	
87	11317861	1	
88	11390030	3	
89	11362853	38	
90	11365671	1	
91	11362856	30	
92	11394996	3
93	11395728	2	
94	11362841	9
95	11395729	2
96	11367875	3	
97	11284416	5	
98	11396621	11	
99	11321386	4	
100	11340271	4	
101	11404266	4	
102	11372522	8	
103	11342408	1	
104	11223749	5	
105	11380193	1	
106	11380039	2	
107	11342431	1	
108	11390236	8
109	11374294	6	
110	11406021	2	
111	11388837	5	
112	11389322	2	
113	11342931	1	
114	11340608	5	
115	11343002	1	
116	11392849	4	
117	11383510	2	
118	11343060	1	
119	11347051	1	
120	11370645	1	
121	11405295	3	
122	11385103	2		
123	11388670	5	
124	11378118	1	
125	11388971	10	
126	11384552	7	
127	11400531	2	
128	11306632	1	
129	11342989	2	
130	11357446	1	
131	11358358	2	
132	11383517	3	
133	11375471	2	
134	11384524	2	
135	11384586	2
136	11392686	3	
137	11383465	1	
138	11392828	2	
139	11325832	5	
140	11326035	5	
141	11392841	2	
142	11392847	1	
143	11402476	2	
144	11397693	2	
145	11397693	2	SKIP
146	11289270	1	
147	11199436	4	
148	11339330	1	
149	11404415	2	
150	11350358	2	
151	11280344	9
152	11338358	2	
153	11369939	3	
154	11402872	1	
155	11370978	12
156	11375027	6
157	11383187	3	
158	11404450	6	
159	11347616	2	
160	11382357	3	
161	11383532	2	
162	11400025	3
163	11392201	1	
164	11416687	1
165	11413240	3
166	11361649	6
167	11405733	2	
168	11396882	4	
169	11384393	1	
170	11393240	2	
171	11336577	2	
172	11336577	2	SKIP
173	11398597	4	
174	11401990	3	
175	11404740	1
176	11290634	1	
177	11363232	1	
178	11406441	1	
179	11407835	1	
180	11299197	2	
181	11372210	2	
182	11410143	1	
183	11335587	3	
184	11410329	1	
185	11324560	1	
186	11309736	2	
187	11253628	2	
188	11279031	2	
189	11313102	3	
190	11393979	1	
191	11405657	1	
192	11393236	2	
193	11323463	4
194	11354897	7
195	11372820	1	
196	11325428	1	
197	11299648	2	
198	11397753	1	
199	11339069	1	
200	11409316	6































































