Invoice Audit
Gayatri Ingole
26-July-2022	

1	11341306	3
2	11400150	1
3	11247306	4
4	11392417	1
5	11400763	1
6	11394028	1
7	11372002	10
8	11357116	1
9	11394647	1
10	11273611	2
11	11214639	2
12	11214639	2	SKIP
13	11214639	11
14	11375535	2
15	11319421	3
16	11372814	2
17	11368785	1
18	11356036	1
19	11308678	1
20	11261054	1
21	11378109	7
22	11378109	7	SKIP
23	11323243	1
24	11310427	1
25	11350192	4
26	11353222	6
27	11383072 	4
28	11382087	2
29	11364261	2
30	11365724	2
31	11387631	1
32	11340148	11
33	11374510	7
34	11383083	2
35	11383207	2
36	11351258	3
37	11392247	2
38	11378816	2
39	11390046	7
40	11400329	1
41	11361579	5
42	11394332	4
43	11348640	1
44	11407791	5
45	11407791	1
46	11354149	1
47	11382621	2
48	11392669	2
49	11415486	3
50	11393095	2
51	11416610	2
52	11413045	1
53	11293191	1
54	11309620	2
55	11393697	2
56	11393755	6
57	11356942	1
58	11402785	3
59	11403960	2
60	11416528	2
61	11385084	1
62	11418181	1
63	11408974	1
64	11412804	1
65	11375807	2
66	11328821	9
67	11412208	2
68	11253785	3
69	11354260	4
70	11354395	3
71	11355982	1
72	11355982	1	SKIP
73	11364250	4
74	11395165	1
75	11378885	2
76	11381983	3
77	11367842	1
78	11392360	2
79	11384613	3
80	11380795	1
81	11405943	2
82	11324042	1
83	11343047	2
84	11404134	3
85	11283037	2
86	11365212	2
87	11346193	1
88	11391932	1
89	11375785	4
90	11353502	3
91	11363451	3
92	11267491	4
93	11256774	2
94	11256774	2	SKIP
95	11256774	2	SKIP
96	11256774	2	SKIP
97	11403968	2
98	11405045	2
99	11375914	4
100	11323370	2
101	11381032	2
102	11335435	1
103	11405796	1
104	11351288	2
105	11357016	2
106	11397441	1
107	11367478	2
108	11410058 	2
109	11382547	3
110	11375564	2
111	11331925	2
112	11370223	2
113	11279033	10
114	11281105	3
115	11397706	3
116	11372817	2
117	11202678	5
118	11364034	3
119	11382559	3
120	11386675	1
121	11375395	2
122	11315719	7
123	11419813	1
124	11388973	3
125	11372883	1
126	11369958	4
127	11369958	4	SKIP
128	11369958	4	SKIP
129	11369958	4	SKIP
130	11262665	1
131	11262708	1
132	11404166	2
133	11366005	4
134	11409891	1
135	11336015	2
136	11308734	10
137	11308734	10	SKIP
138	11308734	10	SKIP
139	11308734	10	SKIP
140	11369801	3
141	11335369	8
142	11335369	8	SKIP
143	11335369	8	SKIP	
144	11335369	8	SKIP
145	11284297	2
146	11388988	8
147	11370024	3
148	11367375	1
149	11366022	2
150	11329389	1
151	11400094	1
152	11397274	2
153	11368175	5
154	11386807	1
155	11367832	1
156	11401283	5
157	11389386	1
158	11372385	2
159	11414092	4
160	11405364	6
161	11353882	1
162	11388095	3
163	11408288	2
164	11371348	3
165	11373425	2
166	11398865	3
167	11321954	4
168	11321954	4	SKIP
169	11321954	4	SKIP
170	11321954	4	SKIP
171	11378869	3
172	11321955	4
173	11321955	4	SKIP
174	11321955	4	SKIP
175	11321955	4	SKIP
176	11384231	3
177	11396108	3
178	11272422	3
179	11407812	1
180	11384314	1
181	11218820	3
182	11276456	3
183	11337844	1
184	11393913	3
185	11376145	4
186	11200894	8
187	11407865	1
188	11407472	5
189	11396541	6
190	11412237	2
191	11367888	2
192	11389711	1
193	11387960	2
194	11371148	4
195	11371148	4	SKIP
196	11371148	4	SKIP
197	11371148	4	SKIP
198	11387827	1
199	11366346	5
200	11404361	1
201	11401587	1
202	11342029	21
203	11342029	21	SKIP
204	11342029	21	SKIP
205	11342029	21	SKIP
206	11405252	1
207	11298491	8
208	11298491	8	SKIP
209	11298491	8	SKIP
210	11298491	8	SKIP
211	11392501	5
212	11393949	2
213	11301797	1
214	11404160	2
215	11346694	6
216	11346694	6	SKIP
217	11346694	6	SKIP
218	11346694	6	SKIP
219	11372286	2
220	11340307	2
221	11407979	2
222	11414396	4
223	11340316	2
224	11384086	2
225	11359228	2
226	11384392	8
227	11384392	8	SKIP
228	11384392	8	SKIP
229	11384392	8	SKIP
230	11322039	3
231	11322039	3	SKIP
232	11322039	3	SKIP
233	11322039	3	SKIP
234	11322039	3	SKIP
235	11322039	3	SKIP
236	11364774	1
237	11397662	2
238	11291117	1
239	11347847	5
240	11381312	1	
241	11360822	1
242	11360822	1	SKIP
243	11278491	2
244	11182442	3
245	11378760	1
246	11358625	1	
247	11387311	1	CARRIER  RATE
248	11248616	4
249	11327156	2
250	11329380	2
251	11323377	2
252	11193832	2
253	11396202	3
254	11323393	2
255	11416097	1
256	11404433	2
257	11212937	2
258	11322041	3
259	11322041	3	SKIP
260	11322041	3	SKIP
261	11322041	3	SKIP
262	11322041	3	SKIP
263	11322041	3	SKIP
264	11341096	2
265	11394682	2
266	11322042	5
267	11322042	5	SKIP
268	11322042	5	SKIP
269	11322042	5	SKIP
270	11322042	5	SKIP
271	11322042	5	SKIP
272	11363707	3
273	11412212	3
274	11339549	13
275	11401297	4
276	11409651	1
277	11394334	6
278	11417227	2
279	11305771	3
280	11322043	4
281	11322043	4	SKIP
282	11322043	4	SKIP
283	11322043	4	SKIP
284	11322043	4	SKIP
285	11322043	4	SKIP
286	11267241	3
287	11407869	6
288	11358059	4
289	11358059	4	SKIP
290	11358059	4	SKIP
291	11358059	4	SKIP
292	11322064	4
293	11322064	4	SKIP
294	11322064	4	SKIP
295	11322064	4	SKIP
296	11322064	4	SKIP
297	11322064	4	SKIP
298	11371842	2
299	11379952	3
300	11370880	3
301	11397604	1
302	11362768	1
303	11396579	1
304	11221181	6
305	11369697	5
306	11369697	5	SKIP
307	11369697	5	SKIP
308	11369697	5	SKIP
309	11378539	2
310	11293799	5
311	11316604	2
312	11394938	2
313	11401286	1
314	11404053	2
315	11413522	1
316	11390018	1
317	11400880	6
318	11406150	1
319	11416288	1
320	11393937	1
321	11404572	1
322	11325065	1
323	11393394	2
324	11415329	2
325	11355673	3
326	11393935	1
327	11268549	4
328	10941282	2
329	11264291	3
330	11335195	3
331	11393426	2
332	11405634	3
333	11397993	6
334	11404379	2
335	11114361	4
336	11408216	3
337	11360184	3
338	11335215	4
339	11389462	1
340	11109416	2
341	11379236	3
342	11366867	2
343	11362070	1
344	11371629	1
345	11400048	2
346	11366868	2
347	11396374	1
348	11366871	2
349	11404670	1
350	11375189	1
351	11413338	1
352	11384735	2
353	11392204	1
354	11404189	1
355	11383814	1
356	11405899	1
357	11384362	3
358	11416847	1
359	11355908	2
360	11404961	1
361	11375853	3
362	11398585	2
363	11397974	1
364	11324791	1
365	11324945	1
366	11421855	1
367	11404728	1
368	11405631	1
369	11417211	1
370	11402238	2
371	11408018	3
372	11412639	1
373	11407941	2
374	11400458	1
375	11315740	1
376	11312697	1
377	11408149	2
378	11412346	2
379	11387777	2
380	11416098	2
381	11385705	2
382	11382109	2
383	11406124	1
384	11387299	1
385	11410009	3
386	11416038	3
387	11386632	1
388	11326567	1
389	11347064	1
390	11347075	1
391	11349969	2
392	11406478	1
393	11339331	1
394	11346474	2
395	11398328	3
396	11323236	2	
397	11323236	2	SKIP
398	11416321	1
399	11366865	3
400	11415020	1