AP
Rutuja Zore
25-March-2022

1   11136345  
2   11132835  
3   11132684 
4   11131721  
5   11131560  
6   11130861  
7   11130777  
8   11130507  
9   11130451  
10  11130128  
11  11129097  ashley
12  11129069  
13  11129020  
14  11128925  
15  11128690  ashley
16  11128436  
17  11128132  
18  11127251  
19  11127248  missing recvr signature
20  11117309  
21  11127123  
22  11126808  
23  11126109  ashley
24  11126103  hod for address
25  11125884  
26  11125774  
27  11124380  
28  11124189  
29  11123539  
30  11122478  ashley
31  11122375  
32  11121811  
33  11121547  
34  11121485  
35  11121340  
36  11121241  
37  11121231  
38  11121230  
39  11121200  
40  11121197  
41  11121176  
42  11121170  
43  11121088  
44  11120713  
45  11120530  bl  # does not match 
46  11120255  
47  11119184  
48  11119119  ashley
49  11119029  
50  11118677  
51  11118307  
52  11118302  
53  11117757  ashley
54  11117056  ashley
55  11116951  
56  11116523  
57  11116307  
58  11115940  
59  11115900  
60  11100137  
61  11099131  ashley
62  11098566  SO CAL CARRIERS TRANSPORTATION invoiced $18.10 over total charge.
63  11096590  
64  11095915  ashley
65  11095726  ashley
66  11095610  
67  11095546  ref# does not match 
68  11095167  
69  11094568  
70  11094289  
71  11093782  
72  11093231  
73  11092610  
74  11092573  
75  11091952  
76  11090150  
77  11089638  
78  11088889  
79  11088635  
80  11088105  
81  11088044  
82  11134608  
83  11132269  
84  11130562  
85  11129314  
86  11129308  
87  11128624  
88  11126747  bl# does not match 
89  11126035  
90  11125560  
91  11125034  
92  11124983  ashley
93  11123539  
94  11123478  
95  11121706  
96  11121481  
97  11121302  
98  11121238  
99  11120301  
100 11120271  
101 11119667  
102 11116124  
103 11114944  
104 11113457  
105 11109296  
106 11107647  
107 11107542  
108 11107318  
109 11107307  
110 11107248  
111 11107130  
112 11107022  
113 11106571  ashley
114 11105018  
115 11103100  
116 11103098  
117 11103093  
118 11103054  
119 11103053  
120 11102963  
121 11101743  
122 11101161  
123 11100976  
124 11100783  
125 11100678  
126 11094605  illegible pod 
127 11093139  
128 11089509  TFORCE FREIGHT INC  invoiced $58.42 over total charge.
129 11121516  
130 11121270  
131 11121195 